pop_ID	eff_loc	nb_tr	tree_ID	eff_tr	nb_tw	twig_ID	eff_tw	nb_lv	leave_ID	eff_lv	ind_ID	geno_ID	MLP09	MLP20	MLP27	MLP28	MLP30	MLP31	MLP36	MLP37	MLP38
AC-1111-C	AC	134	5	11	27	3	111	9	3	1111	3	1	63	167169	181181	250250	459469	256256	190190	228228	226226	433436
AC-1112-C	AC	134	5	11	27	3	111	9	3	1111	3	2	109	167169	181181	250250	439459	256256	190190	228228	226226	436436
AC-1113-C	AC	134	5	11	27	3	111	9	3	1111	3	3	32	167169	181181	250250	434459	256256	182190	228236	226226	433436
AC-1121-C	AC	134	5	11	27	3	111	9	3	1112	3	4	82	169169	181181	250250	459459	256256	190190	228236	226226	431436
AC-1122-B	AC	134	5	11	27	3	111	9	3	1112	3	5	118	167169	181181	250250	459459	256256	190190	228236	226226	433433
AC-1123-D	AC	134	5	11	27	3	111	9	3	1112	3	6	101	169169	181181	250250	459469	256256	190190	236236	226226	431439
AC-1131-C	AC	134	5	11	27	3	111	9	3	1113	3	7	17	167167	181181	250250	459459	256256	190190	230236	226226	431433
AC-1132-C	AC	134	5	11	27	3	111	9	3	1113	3	8	36	167169	181181	250250	434459	256256	190190	236236	224226	433436
AC-1133-C	AC	134	5	11	27	3	111	9	3	1113	3	9	2	167167	181181	242250	444459	256256	190190	228236	226226	433436
AC-1211-C	AC	134	5	11	27	3	112	9	3	1121	3	10	46	167169	181181	250250	459459	256256	190190	228228	226226	431431
AC-1212-B	AC	134	5	11	27	3	112	9	3	1121	3	11	59	167169	181181	250250	459459	256256	190192	232232	224226	431433
AC-1213-C	AC	134	5	11	27	3	112	9	3	1121	3	12	13	167167	181181	250250	459459	256256	184190	236236	226226	431438
AC-1221-D	AC	134	5	11	27	3	112	9	3	1122	3	13	91	169169	181181	250250	459459	256256	190190	236236	226226	431439
AC-1222-D	AC	134	5	11	27	3	112	9	3	1122	3	14	73	169169	181181	250250	454459	256256	190190	228236	226226	433436
AC-1223-C	AC	134	5	11	27	3	112	9	3	1122	3	15	53	167169	181181	250250	459459	256256	190190	232236	226226	431439
AC-1231-D	AC	134	5	11	27	3	112	9	3	1123	3	16	102	169169	181181	250250	459469	256256	190190	236236	226226	436439
AC-1232-C	AC	134	5	11	27	3	112	9	3	1123	3	17	42	167169	181181	250250	459459	256256	182190	236236	224226	436439
AC-1233-C	AC	134	5	11	27	3	112	9	3	1123	3	18	108	167169	181181	250250	434459	256256	190190	236236	226226	436439
AC-1311-D	AC	134	5	11	27	3	113	9	3	1131	3	19	11	167167	181181	250250	459459	256256	182190	228236	224226	431433
AC-1312-D	AC	134	5	11	27	3	113	9	3	1131	3	20	37	167169	181181	250250	434459	256256	190192	228236	226226	436439
AC-1313-C	AC	134	5	11	27	3	113	9	3	1131	3	21	50	167169	181181	250250	459459	256256	190190	228236	226226	433436
AC-1321-C	AC	134	5	11	27	3	113	9	3	1132	3	22	109	167169	181181	250250	439459	256256	190190	228228	226226	436436
AC-1322-C	AC	134	5	11	27	3	113	9	3	1132	3	23	7	167167	181181	250250	439459	256256	190190	232232	226226	436436
AC-1323-D	AC	134	5	11	27	3	113	9	3	1132	3	24	12	167167	181181	250250	459459	256256	182190	236236	224226	431433
AC-1331-C	AC	134	5	11	27	3	113	9	3	1133	3	25	115	167169	181181	250250	459459	256256	190190	228236	224226	436439
AC-1332-D	AC	134	5	11	27	3	113	9	3	1133	3	26	16	167167	181181	250250	459459	256256	190190	228236	226226	433436
AC-1333-C	AC	134	5	11	27	3	113	9	3	1133	3	27	43	167169	181181	250250	459459	256256	182190	236236	226226	436436
AC-2111-C	AC	134	5	12	26	3	121	8	3	1211	2	28	124	167169	181181	250250	459459	256256	190190	236236	226226	436439
AC-2112-C	AC	134	5	12	26	3	121	8	3	1211	2	29	45	167169	181181	250250	459459	256256	182192	228236	226226	433436
AC-2121-D	AC	134	5	12	26	3	121	8	3	1212	3	30	90	169169	181181	250250	459459	256256	190190	236236	226226	431434
AC-2122-C	AC	134	5	12	26	3	121	8	3	1212	3	31	68	169169	181181	242250	439459	256256	190190	236236	226226	433436
AC-2123-C	AC	134	5	12	26	3	121	8	3	1212	3	32	10	167167	181181	250250	444459	256256	190190	236236	226226	436436
AC-2131-C	AC	134	5	12	26	3	121	8	3	1213	3	33	76	169169	181181	250250	459459	256256	182190	236236	226226	436436
AC-2132-D	AC	134	5	12	26	3	121	8	3	1213	3	34	69	169169	181181	242250	444459	256256	190190	236236	226226	431433
AC-2133-C	AC	134	5	12	26	3	121	8	3	1213	3	35	15	167167	181181	250250	459459	256256	190190	228236	224226	433436
AC-2211-C	AC	134	5	12	26	3	122	9	3	1221	3	36	130	169169	181181	250250	459459	256263	190190	236236	226226	436436
AC-2212-C	AC	134	5	12	26	3	122	9	3	1221	3	37	78	169169	181181	250250	459459	256256	190190	228228	226226	431439
AC-2213-C	AC	134	5	12	26	3	122	9	3	1221	3	38	20	167167	181181	250250	459459	256256	190190	236236	226226	431436
AC-2221-D	AC	134	5	12	26	3	122	9	3	1222	3	39	23	167167	181181	250250	459469	256256	190190	228236	226226	431436
AC-2222-D	AC	134	5	12	26	3	122	9	3	1222	3	40	33	167169	181181	250250	434459	256256	190190	228236	226226	431433
AC-2223-C	AC	134	5	12	26	3	122	9	3	1222	3	41	96	169169	181181	250250	459459	256256	190192	236236	226226	431436
AC-2231-D	AC	134	5	12	26	3	122	9	3	1223	3	42	4	167167	181181	250250	434459	256256	182190	228236	224226	433439
AC-2232-C	AC	134	5	12	26	3	122	9	3	1223	3	43	19	167167	181181	250250	459459	256256	190190	236236	226226	431433
AC-2233-D	AC	134	5	12	26	3	122	9	3	1223	3	44	40	167169	181181	250250	439459	256256	190190	236236	226226	436439
AC-2311-C	AC	134	5	12	26	3	123	9	3	1231	3	45	38	167169	181181	250250	434459	256263	190190	236236	226226	433436
AC-2312-D	AC	134	5	12	26	3	123	9	3	1231	3	46	113	167169	181181	250250	459459	256256	190190	228228	226226	433436
AC-2313-C	AC	134	5	12	26	3	123	9	3	1231	3	47	128	169169	181181	250250	459459	256263	190190	228236	226226	436436
AC-2321-D	AC	134	5	12	26	3	123	9	3	1232	3	48	56	167169	181181	250250	459459	256256	190190	236236	226226	433439
AC-2322-C	AC	134	5	12	26	3	123	9	3	1232	3	49	6	167167	181181	250250	439459	256256	182190	236236	226226	433436
AC-2323-C	AC	134	5	12	26	3	123	9	3	1232	3	50	57	167169	181181	250250	459459	256256	190190	236236	226226	436436
AC-2331-C	AC	134	5	12	26	3	123	9	3	1233	3	51	127	169169	181181	250250	459459	256263	190190	228236	226226	436436
AC-2332-C	AC	134	5	12	26	3	123	9	3	1233	3	52	1	167167	181181	242250	439459	256256	190190	236236	226226	436436
AC-2333-C	AC	134	5	12	26	3	123	9	3	1233	3	53	8	167167	181181	250250	439459	256256	190190	232236	226226	431436
AC-3111-C	AC	134	5	13	27	3	131	9	3	1311	3	54	25	167169	179181	250250	459469	256256	190190	236236	224226	433436
AC-3112-D	AC	134	5	13	27	3	131	9	3	1311	3	55	75	169169	181181	250250	459459	256256	182190	228236	226226	433433
AC-3113-D	AC	134	5	13	27	3	131	9	3	1311	3	56	113	167169	181181	250250	459459	256256	190190	228228	226226	433436
AC-3121-D	AC	134	5	13	27	3	131	9	3	1312	3	57	65	167169	183183	250250	459459	256256	190190	228228	226226	433436
AC-3122-C	AC	134	5	13	27	3	131	9	3	1312	3	58	51	167169	181181	250250	459459	256256	190190	228236	226226	434436
AC-3123-C	AC	134	5	13	27	3	131	9	3	1312	3	59	74	169169	181181	250250	459459	256256	182190	228236	224226	431439
AC-3131-D	AC	134	5	13	27	3	131	9	3	1313	3	60	113	167169	181181	250250	459459	256256	190190	228228	226226	433436
AC-3132-D	AC	134	5	13	27	3	131	9	3	1313	3	61	120	167169	181181	250250	459459	256256	190190	236236	224226	436439
AC-3133-D	AC	134	5	13	27	3	131	9	3	1313	3	62	113	167169	181181	250250	459459	256256	190190	228228	226226	433436
AC-3211-C	AC	134	5	13	27	3	132	9	3	1321	3	63	104	171171	179181	250250	459459	256256	190190	236236	226226	438441
AC-3212-C	AC	134	5	13	27	3	132	9	3	1321	3	64	92	169169	181181	250250	459459	256256	190190	236236	226226	433441
AC-3213-C	AC	134	5	13	27	3	132	9	3	1321	3	65	29	167169	181181	242250	459459	256256	190190	230236	226226	431436
AC-3221-C	AC	134	5	13	27	3	132	9	3	1322	3	66	22	167167	181181	250250	459459	256263	190192	236236	224226	436439
AC-3222-C	AC	134	5	13	27	3	132	9	3	1322	3	67	49	167169	181181	250250	459459	256256	190190	228236	224226	433436
AC-3223-C	AC	134	5	13	27	3	132	9	3	1322	3	68	112	167169	181181	250250	459459	256256	190190	228228	226226	433436
AC-3231-C	AC	134	5	13	27	3	132	9	3	1323	3	69	41	167169	181181	250250	459459	221256	190190	236236	224226	433436
AC-3232-D	AC	134	5	13	27	3	132	9	3	1323	3	70	98	169169	181181	250250	459459	256263	190190	236236	226226	433439
AC-3233-C	AC	134	5	13	27	3	132	9	3	1323	3	71	111	167169	181181	250250	459459	256256	190190	228228	224226	433436
AC-3311-D	AC	134	5	13	27	3	133	9	3	1331	3	72	58	167169	181181	250250	459459	256256	190190	236236	226226	439439
AC-3312-C	AC	134	5	13	27	3	133	9	3	1331	3	73	129	169169	181181	250250	459459	256263	190190	236236	226226	436436
AC-3313-C	AC	134	5	13	27	3	133	9	3	1331	3	74	110	167169	181181	250250	459459	256256	190190	228228	224226	433436
AC-3321-B	AC	134	5	13	27	3	133	9	3	1332	3	75	14	167167	181181	250250	459459	256256	190190	228228	226226	438441
AC-3322-C	AC	134	5	13	27	3	133	9	3	1332	3	76	60	167169	181181	250250	459459	256256	190192	236236	226226	433439
AC-3323-C	AC	134	5	13	27	3	133	9	3	1332	3	77	18	167167	181181	250250	459459	256256	190190	232236	226226	431433
AC-3331-C	AC	134	5	13	27	3	133	9	3	1333	3	78	52	167169	181181	250250	459459	256256	190190	228236	226226	439439
AC-3332-D	AC	134	5	13	27	3	133	9	3	1333	3	79	34	167169	181181	250250	434459	256256	190190	232232	226226	433436
AC-3333-C	AC	134	5	13	27	3	133	9	3	1333	3	80	126	169169	181181	250250	459459	256256	190190	236236	224226	433436
AC-4111-C	AC	134	5	14	27	3	141	9	3	1411	3	81	26	167169	181181	242250	439459	256256	182190	232232	226226	436436
AC-4112-C	AC	134	5	14	27	3	141	9	3	1411	3	82	62	167169	181181	250250	459459	256263	190190	236236	226226	439439
AC-4113-C	AC	134	5	14	27	3	141	9	3	1411	3	83	54	167169	181181	250250	459459	256256	190190	232236	226226	436436
AC-4121-C	AC	134	5	14	27	3	141	9	3	1412	3	84	86	169169	181181	250250	459459	256256	190190	234234	224226	436439
AC-4122-C	AC	134	5	14	27	3	141	9	3	1412	3	85	122	167169	181181	250250	459459	256256	190190	236236	226226	431436
AC-4123-C	AC	134	5	14	27	3	141	9	3	1412	3	86	84	169169	181181	250250	459459	256256	190190	228236	226226	436439
AC-4131-C	AC	134	5	14	27	3	141	9	3	1413	3	87	39	167169	181181	250250	439459	256256	182190	228236	226226	433438
AC-4132-C	AC	134	5	14	27	3	141	9	3	1413	3	88	61	167169	181181	250250	459459	256263	190190	236236	226226	436436
AC-4133-C	AC	134	5	14	27	3	141	9	3	1413	3	89	125	169169	181181	250250	459459	256256	190190	236236	224226	433436
AC-4211-D	AC	134	5	14	27	3	142	9	3	1421	3	90	27	167169	181181	242250	459459	256256	190190	228228	226226	433433
AC-4212-C	AC	134	5	14	27	3	142	9	3	1421	3	91	114	167169	181181	250250	459459	256256	190190	228236	224226	436439
AC-4213-C	AC	134	5	14	27	3	142	9	3	1421	3	92	71	169169	181181	250250	439459	256256	190190	236236	226226	433436
AC-4221-C	AC	134	5	14	27	3	142	9	3	1422	3	93	55	167169	181181	250250	459459	256256	190190	236236	224226	436436
AC-4222-C	AC	134	5	14	27	3	142	9	3	1422	3	94	66	169169	179181	250250	459459	221256	182190	236236	226226	439439
AC-4223-C	AC	134	5	14	27	3	142	9	3	1422	3	95	3	167167	181181	242250	444459	256256	190192	236236	226226	433436
AC-4231-C	AC	134	5	14	27	3	142	9	3	1423	3	96	81	169169	181181	250250	459459	256256	190190	228236	224226	431436
AC-4232-D	AC	134	5	14	27	3	142	9	3	1423	3	97	48	167169	181181	250250	459459	256256	190190	228228	226226	436439
AC-4233-C	AC	134	5	14	27	3	142	9	3	1423	3	98	87	169169	181181	250250	459459	256256	190190	236236	224226	431439
AC-4311-C	AC	134	5	14	27	3	143	9	3	1431	3	99	64	167169	181181	250250	459469	256256	190190	236236	226226	431433
AC-4312-D	AC	134	5	14	27	3	143	9	3	1431	3	100	99	169169	181181	250250	459469	256256	190190	228236	226226	431431
AC-4313-D	AC	134	5	14	27	3	143	9	3	1431	3	101	67	169169	179181	250250	459459	256263	190190	236236	226226	436439
AC-4321-D	AC	134	5	14	27	3	143	9	3	1432	3	102	123	167169	181181	250250	459459	256256	190190	236236	226226	436439
AC-4322-C	AC	134	5	14	27	3	143	9	3	1432	3	103	21	167167	181181	250250	459459	256256	190190	236236	226226	433436
AC-4323-C	AC	134	5	14	27	3	143	9	3	1432	3	104	47	167169	181181	250250	459459	256256	190190	228228	226226	433433
AC-4331-C	AC	134	5	14	27	3	143	9	3	1433	3	105	117	167169	181181	250250	459459	256256	190190	228236	226226	433433
AC-4332-D	AC	134	5	14	27	3	143	9	3	1433	3	106	44	167169	181181	250250	459459	256256	182190	236238	226226	436436
AC-4333-C	AC	134	5	14	27	3	143	9	3	1433	3	107	80	169169	181181	250250	459459	256256	190190	228228	226226	433436
AC-5111-C	AC	134	5	15	27	3	151	9	3	1511	3	108	24	167169	179181	250250	459459	256256	190190	236236	226226	433433
AC-5112-C	AC	134	5	15	27	3	151	9	3	1511	3	109	83	169169	181181	250250	459459	256256	190190	228236	226226	436436
AC-5113-C	AC	134	5	15	27	3	151	9	3	1511	3	110	9	167167	181181	250250	439459	256256	190190	236236	226226	433433
AC-5121-C	AC	134	5	15	27	3	151	9	3	1512	3	111	28	167169	181181	242250	459459	256256	190190	228236	226226	431433
AC-5122-C	AC	134	5	15	27	3	151	9	3	1512	3	112	106	167169	181181	242250	459459	256256	190190	236236	226226	431433
AC-5123-D	AC	134	5	15	27	3	151	9	3	1512	3	113	116	167169	181181	250250	459459	256256	190190	228236	226226	433433
AC-5131-C	AC	134	5	15	27	3	151	9	3	1513	3	114	103	169169	183183	242250	459459	256256	182190	228236	226226	433433
AC-5132-C	AC	134	5	15	27	3	151	9	3	1513	3	115	77	169169	181181	250250	459459	256256	190190	228228	226226	431431
AC-5133-C	AC	134	5	15	27	3	151	9	3	1513	3	116	89	169169	181181	250250	459459	256256	190190	236236	226226	431433
AC-5211-C	AC	134	5	15	27	3	152	9	3	1521	3	117	119	167169	181181	250250	459459	256256	190190	236236	224226	436439
AC-5212-D	AC	134	5	15	27	3	152	9	3	1521	3	118	88	169169	181181	250250	459459	256256	190190	236236	224226	433439
AC-5213-C	AC	134	5	15	27	3	152	9	3	1521	3	119	105	167169	181181	242250	459459	256256	190190	236236	226226	431433
AC-5221-C	AC	134	5	15	27	3	152	9	3	1522	3	120	95	169169	181181	250250	459459	256256	190192	228236	226226	433436
AC-5222-C	AC	134	5	15	27	3	152	9	3	1522	3	121	97	169169	181181	250250	459459	256263	190190	236236	226226	431434
AC-5223-C	AC	134	5	15	27	3	152	9	3	1522	3	122	35	167169	181181	250250	434459	256256	190190	232232	226226	433439
AC-5231-C	AC	134	5	15	27	3	152	9	3	1523	3	123	30	167169	181181	244252	459459	256256	190190	238238	226226	433435
AC-5232-C	AC	134	5	15	27	3	152	9	3	1523	3	124	121	167169	181181	250250	459459	256256	190190	236236	226226	431436
AC-5233-C	AC	134	5	15	27	3	152	9	3	1523	3	125	85	169169	181181	250250	459459	256256	190190	228236	226226	439439
AC-5311-C	AC	134	5	15	27	3	153	9	3	1531	3	126	72	169169	181181	250250	444459	256263	190190	236236	226226	433433
AC-5312-D	AC	134	5	15	27	3	153	9	3	1531	3	127	93	169169	181181	250250	459459	256256	190190	236236	226226	436436
AC-5313-C	AC	134	5	15	27	3	153	9	3	1531	3	128	100	169169	181181	250250	459469	256256	190190	228236	226226	433436
AC-5321-C	AC	134	5	15	27	3	153	9	3	1532	3	129	107	167169	181181	250250	434459	256256	190190	236236	226226	436439
AC-5322-C	AC	134	5	15	27	3	153	9	3	1532	3	130	31	167169	181181	248250	434459	221256	190190	226226	226226	436439
AC-5323-C	AC	134	5	15	27	3	153	9	3	1532	3	131	79	169169	181181	250250	459459	256256	190190	228228	226226	433433
AC-5331-D	AC	134	5	15	27	3	153	9	3	1533	3	132	94	169169	181181	250250	459459	256256	190190	236236	226226	436439
AC-5332-C	AC	134	5	15	27	3	153	9	3	1533	3	133	5	167167	181181	250250	434459	256256	190190	236236	224226	433439
AC-5333-C	AC	134	5	15	27	3	153	9	3	1533	3	134	70	169169	181181	248250	434459	256256	190190	232240	226226	436439
AD-1111-C	AD	134	5	21	27	3	211	9	3	2111	3	135	277	169169	181181	250250	459459	256256	190190	228232	226226	431434
AD-1112-C	AD	134	5	21	27	3	211	9	3	2111	3	136	329	169169	181181	250250	459459	256256	190192	228228	226226	431431
AD-1113-C	AD	134	5	21	27	3	211	9	3	2111	3	137	280	169169	181181	250250	459459	256256	190190	228236	226226	431458
AD-1121-C	AD	134	5	21	27	3	211	9	3	2112	3	138	297	169169	181181	250250	459459	256256	190192	228236	226226	431431
AD-1122-C	AD	134	5	21	27	3	211	9	3	2112	3	139	332	169169	181181	250250	459459	270270	190190	228228	226226	431431
AD-1123-C	AD	134	5	21	27	3	211	9	3	2112	3	140	321	169169	181181	250250	459459	256256	190190	228228	226226	431436
AD-1131-C	AD	134	5	21	27	3	211	9	3	2113	3	141	331	169169	181181	250250	459459	256270	190190	228228	226226	431431
AD-1132-C	AD	134	5	21	27	3	211	9	3	2113	3	142	279	169169	181181	250250	459459	256256	190190	228236	224226	431436
AD-1133-C	AD	134	5	21	27	3	211	9	3	2113	3	143	313	169169	183183	250250	439459	256256	190190	228228	226226	431439
AD-1211-C	AD	134	5	21	27	3	212	9	3	2121	3	144	332	169169	181181	250250	459459	270270	190190	228228	226226	431431
AD-1212-C	AD	134	5	21	27	3	212	9	3	2121	3	145	240	169169	181181	250250	434434	256256	182190	236236	224226	431436
AD-1213-C	AD	134	5	21	27	3	212	9	3	2121	3	146	300	169169	181181	250250	459459	256270	190190	228228	226226	431439
AD-1221-C	AD	134	5	21	27	3	212	9	3	2122	3	147	228	169169	179181	250250	459459	221256	190190	228236	226226	431439
AD-1222-C	AD	134	5	21	27	3	212	9	3	2122	3	148	324	169169	181181	250250	459459	256256	190190	228236	226226	431439
AD-1223-C	AD	134	5	21	27	3	212	9	3	2122	3	149	224	167169	181181	250250	459459	256270	190192	228236	226226	431439
AD-1231-C	AD	134	5	21	27	3	212	9	3	2123	3	150	328	169169	181181	250250	459459	256256	190192	228228	226226	431431
AD-1232-C	AD	134	5	21	27	3	212	9	3	2123	3	151	327	169169	181181	250250	459459	256256	190192	228228	226226	431431
AD-1233-C	AD	134	5	21	27	3	212	9	3	2123	3	152	284	169169	181181	250250	459459	256256	190190	230236	226226	431431
AD-1311-C	AD	134	5	21	27	3	213	9	3	2131	3	153	323	169169	181181	250250	459459	256256	190190	228236	226226	431439
AD-1312-C	AD	134	5	21	27	3	213	9	3	2131	3	154	322	169169	181181	250250	459459	256256	190190	228236	226226	431439
AD-1313-C	AD	134	5	21	27	3	213	9	3	2131	3	155	225	167169	181181	250250	459469	256256	192192	230236	226226	431433
AD-1321-C	AD	134	5	21	27	3	213	9	3	2132	3	156	307	169169	181181	250250	459459	270270	190192	228236	226226	431431
AD-1322-C	AD	134	5	21	27	3	213	9	3	2132	3	157	301	169169	181181	250250	459459	256270	190190	228236	226226	431431
AD-1323-C	AD	134	5	21	27	3	213	9	3	2132	3	158	209	167169	181181	250250	454459	256256	190190	230236	222226	431431
AD-1331-C	AD	134	5	21	27	3	213	9	3	2133	3	159	309	169169	181181	250250	459459	270270	192192	236236	226226	431431
AD-1332-C	AD	134	5	21	27	3	213	9	3	2133	3	160	247	169169	181181	250250	439459	256256	190190	228232	226226	431436
AD-1333-C	AD	134	5	21	27	3	213	9	3	2133	3	161	308	169169	181181	250250	459459	270270	192192	228228	226226	431431
AD-2111-C	AD	134	5	22	27	3	221	9	3	2211	3	162	291	169169	181181	250250	459459	256256	190190	236236	226226	431431
AD-2112-C	AD	134	5	22	27	3	221	9	3	2211	3	163	226	169169	179181	248250	434439	256256	190190	236236	226226	439439
AD-2113-C	AD	134	5	22	27	3	221	9	3	2211	3	164	318	169169	181181	250250	439459	256256	190190	236236	226226	436439
AD-2121-D	AD	134	5	22	27	3	221	9	3	2212	3	165	326	169169	181181	250250	459459	256256	190190	228236	226226	436439
AD-2122-C	AD	134	5	22	27	3	221	9	3	2212	3	166	212	167169	181181	250250	459459	256256	182190	236236	226226	433436
AD-2123-C	AD	134	5	22	27	3	221	9	3	2212	3	167	268	169169	181181	250250	459459	256256	182190	236236	226226	431436
AD-2131-C	AD	134	5	22	27	3	221	9	3	2213	3	168	227	169169	179181	250250	434459	256256	182192	228236	224226	431436
AD-2132-C	AD	134	5	22	27	3	221	9	3	2213	3	169	250	169169	181181	250250	439459	256256	190190	236236	226226	433439
AD-2133-D	AD	134	5	22	27	3	221	9	3	2213	3	170	230	169169	179181	250250	459469	256256	190190	228236	224226	436439
AD-2211-C	AD	134	5	22	27	3	222	9	3	2221	3	171	293	169169	181181	250250	459459	256256	190190	236236	226226	431439
AD-2212-C	AD	134	5	22	27	3	222	9	3	2221	3	172	252	169169	181181	250250	439459	256256	190190	236236	226226	439439
AD-2213-C	AD	134	5	22	27	3	222	9	3	2221	3	173	294	169169	181181	250250	459459	256256	190190	236236	226226	433436
AD-2221-C	AD	134	5	22	27	3	222	9	3	2222	3	174	249	169169	181181	250250	439459	256256	190190	236236	226226	433436
AD-2222-C	AD	134	5	22	27	3	222	9	3	2222	3	175	232	169169	181181	248250	434459	221256	190190	236236	214226	436439
AD-2223-D	AD	134	5	22	27	3	222	9	3	2222	3	176	288	169169	181181	250250	459459	256256	190190	236236	224226	431433
AD-2231-C	AD	134	5	22	27	3	222	9	3	2223	3	177	231	169169	181181	248250	434459	221256	182182	228236	226226	436439
AD-2232-D	AD	134	5	22	27	3	222	9	3	2223	3	178	221	167169	181181	250250	459459	256256	190192	228236	226226	439439
AD-2233-D	AD	134	5	22	27	3	222	9	3	2223	3	179	233	169169	181181	248250	434459	256256	188188	236236	226226	439439
AD-2311-D	AD	134	5	22	27	3	223	9	3	2231	3	180	283	169169	181181	250250	459459	256256	190190	228238	226226	433436
AD-2312-C	AD	134	5	22	27	3	223	9	3	2231	3	181	203	167167	181181	250250	459459	256256	190190	236236	226226	436439
AD-2313-C	AD	134	5	22	27	3	223	9	3	2231	3	182	206	167169	181181	250250	439459	221256	190190	236236	226226	436439
AD-2321-C	AD	134	5	22	27	3	223	9	3	2232	3	183	265	169169	181181	250250	459459	221256	190192	236236	226226	431439
AD-2322-C	AD	134	5	22	27	3	223	9	3	2232	3	184	207	167169	181181	250250	439459	256270	190192	228236	224226	431436
AD-2323-C	AD	134	5	22	27	3	223	9	3	2232	3	185	295	169169	181181	250250	459459	256256	190190	236236	226226	439439
AD-2331-C	AD	134	5	22	27	3	223	9	3	2233	3	186	264	169169	181181	250250	459459	221256	182190	236236	226226	431439
AD-2332-C	AD	134	5	22	27	3	223	9	3	2233	3	187	244	169169	181181	250250	434459	256270	188188	228236	226226	431436
AD-2333-C	AD	134	5	22	27	3	223	9	3	2233	3	188	246	169169	181181	250250	439459	221256	190190	232236	226226	431433
AD-3111-D	AD	134	5	23	27	3	231	9	3	2311	3	189	310	169169	181181	250250	459469	256256	182190	228236	226226	431433
AD-3112-C	AD	134	5	23	27	3	231	9	3	2311	3	190	267	169169	181181	250250	459459	221270	190192	228236	226226	431436
AD-3113-C	AD	134	5	23	27	3	231	9	3	2311	3	191	314	169169	183183	250250	459459	256256	190190	228236	226226	431439
AD-3121-D	AD	134	5	23	27	3	231	9	3	2312	3	192	260	169169	181181	250250	439459	263263	190192	228236	226226	431439
AD-3122-C	AD	134	5	23	27	3	231	9	3	2312	3	193	234	169169	181181	248250	434459	256256	190190	228238	226226	431433
AD-3123-C	AD	134	5	23	27	3	231	9	3	2312	3	194	292	169169	181181	250250	459459	256256	190190	236236	226226	431436
AD-3131-C	AD	134	5	23	27	3	231	9	3	2313	3	195	311	169169	181181	250250	459469	256256	190190	228236	226226	431436
AD-3132-C	AD	134	5	23	27	3	231	9	3	2313	3	196	243	169169	181181	250250	434459	256256	188192	228236	226226	431441
AD-3133-C	AD	134	5	23	27	3	231	9	3	2313	3	197	320	169169	181181	250250	459459	256256	190190	228228	226226	431436
AD-3211-C	AD	134	5	23	27	3	232	9	3	2321	3	198	281	169169	181181	250250	459459	256256	190190	228236	226226	433439
AD-3212-C	AD	134	5	23	27	3	232	9	3	2321	3	199	316	167169	181181	250250	459459	256256	190192	228236	226226	431436
AD-3213-C	AD	134	5	23	27	3	232	9	3	2321	3	200	276	169169	181181	250250	459459	256256	190190	228232	224226	436439
AD-3221-C	AD	134	5	23	27	3	232	9	3	2322	3	201	315	167169	181181	250250	459459	256256	190192	228236	226226	431436
AD-3222-C	AD	134	5	23	27	3	232	9	3	2322	3	202	332	169169	181181	250250	459459	270270	190190	228228	226226	431431
AD-3223-C	AD	134	5	23	27	3	232	9	3	2322	3	203	299	169169	181181	250250	459459	256256	190192	228236	226226	431439
AD-3231-C	AD	134	5	23	27	3	232	9	3	2323	3	204	248	169169	181181	250250	439459	256256	190190	236236	226226	431439
AD-3232-C	AD	134	5	23	27	3	232	9	3	2323	3	205	235	169169	181181	248250	434459	256256	190190	236236	226226	431436
AD-3233-C	AD	134	5	23	27	3	232	9	3	2323	3	206	214	167169	181181	250250	459459	256256	190190	228236	226226	431439
AD-3311-C	AD	134	5	23	27	3	233	9	3	2331	3	207	266	169169	181181	250250	459459	221270	190190	228236	226226	431439
AD-3312-C	AD	134	5	23	27	3	233	9	3	2331	3	208	256	169169	181181	250250	439459	256256	190192	228228	226226	431436
AD-3313-C	AD	134	5	23	27	3	233	9	3	2331	3	209	319	169169	181181	250250	459459	256256	190190	228228	226226	431436
AD-3321-C	AD	134	5	23	27	3	233	9	3	2332	3	210	330	169169	181181	250250	459459	256270	190190	228228	226226	431431
AD-3322-C	AD	134	5	23	27	3	233	9	3	2332	3	211	210	167169	181181	250250	459459	221256	190190	228236	226226	433436
AD-3323-C	AD	134	5	23	27	3	233	9	3	2332	3	212	241	169169	181181	250250	434459	221256	182190	228236	224226	431436
AD-3331-C	AD	134	5	23	27	3	233	9	3	2333	3	213	208	167169	181181	250250	439469	221221	190190	228236	226226	433439
AD-3332-C	AD	134	5	23	27	3	233	9	3	2333	3	214	306	169169	181181	250250	459459	256270	192192	228228	224226	431431
AD-3333-C	AD	134	5	23	27	3	233	9	3	2333	3	215	213	167169	181181	250250	459459	256256	190190	228236	226226	431431
AD-4111-C	AD	134	5	24	27	3	241	9	3	2411	3	216	304	169169	181181	250250	459459	256270	190192	228236	226226	431431
AD-4112-C	AD	134	5	24	27	3	241	9	3	2411	3	217	222	167169	181181	250250	459459	256256	190192	236236	226226	431436
AD-4113-C	AD	134	5	24	27	3	241	9	3	2411	3	218	274	169169	181181	250250	459459	256256	190190	228228	224226	439441
AD-4121-C	AD	134	5	24	27	3	241	9	3	2412	3	219	258	169169	181181	250250	439459	256270	190190	228236	226226	431436
AD-4122-C	AD	134	5	24	27	3	241	9	3	2412	3	220	272	169169	181181	250250	459459	256256	188192	228228	226226	431436
AD-4123-C	AD	134	5	24	27	3	241	9	3	2412	3	221	251	169169	181181	250250	439459	256256	190190	236236	226226	436436
AD-4131-C	AD	134	5	24	27	3	241	9	3	2413	3	222	290	169169	181181	250250	459459	256256	190190	236236	224226	439439
AD-4132-C	AD	134	5	24	27	3	241	9	3	2413	3	223	302	169169	181181	250250	459459	256270	190190	228236	226226	431439
AD-4133-C	AD	134	5	24	27	3	241	9	3	2413	3	224	238	169169	181181	248250	434459	256270	190192	236236	226226	431436
AD-4211-B	AD	134	5	24	27	3	242	9	3	2421	3	225	201	167167	181181	250250	439459	256256	190190	236236	226226	433436
AD-4212-C	AD	134	5	24	27	3	242	9	3	2421	3	226	253	169169	181181	250250	439459	256256	190190	236236	226226	439441
AD-4213-D	AD	134	5	24	27	3	242	9	3	2421	3	227	278	169169	181181	250250	459459	256256	190190	228232	226226	436439
AD-4221-C	AD	134	5	24	27	3	242	9	3	2422	3	228	286	169169	181181	250250	459459	256256	190190	232236	224226	436436
AD-4222-C	AD	134	5	24	27	3	242	9	3	2422	3	229	263	169169	181181	250250	454459	256270	190192	236236	226226	431439
AD-4223-C	AD	134	5	24	27	3	242	9	3	2422	3	230	262	169169	181181	250250	454454	256256	190190	236236	226226	439439
AD-4231-C	AD	134	5	24	27	3	242	9	3	2423	3	231	303	169169	181181	250250	459459	256270	190192	228228	226226	431431
AD-4232-D	AD	134	5	24	27	3	242	9	3	2423	3	232	254	169169	181181	250250	439459	256256	190190	236238	224226	439442
AD-4233-C	AD	134	5	24	27	3	242	9	3	2423	3	233	282	169169	181181	250250	459459	256256	190190	228236	226226	433442
AD-4311-C	AD	134	5	24	27	3	243	9	3	2431	3	234	269	169169	181181	250250	459459	256256	182192	228228	226226	431439
AD-4312-C	AD	134	5	24	27	3	243	9	3	2431	3	235	218	167169	181181	250250	459459	256256	190190	236236	226226	436439
AD-4313-C	AD	134	5	24	27	3	243	9	3	2431	3	236	255	169169	181181	250250	439459	256256	190190	236238	226226	433436
AD-4321-C	AD	134	5	24	27	3	243	9	3	2432	3	237	236	169169	181181	248250	434459	256256	190190	236236	226226	433436
AD-4322-D	AD	134	5	24	27	3	243	9	3	2432	3	238	296	169169	181181	250250	459459	256256	190192	228228	226226	431441
AD-4323-C	AD	134	5	24	27	3	243	9	3	2432	3	239	261	169169	181181	250250	454454	256256	182192	236236	226226	431439
AD-4331-C	AD	134	5	24	27	3	243	9	3	2433	3	240	305	169169	181181	250250	459459	256270	190192	228236	226226	431439
AD-4332-C	AD	134	5	24	27	3	243	9	3	2433	3	241	271	169169	181181	250250	459459	256256	188188	228228	226226	434440
AD-4333-C	AD	134	5	24	27	3	243	9	3	2433	3	242	259	169169	181181	250250	439459	256270	190192	236236	226226	431436
AD-5111-C	AD	134	5	25	26	3	251	8	3	2511	3	243	312	169169	181181	250250	459469	256263	190190	236236	226226	433439
AD-5112-C	AD	134	5	25	26	3	251	8	3	2511	3	244	211	167169	181181	250250	459459	256256	182190	236236	226226	431431
AD-5113-B	AD	134	5	25	26	3	251	8	3	2511	3	245	285	169169	181181	250250	459459	256256	190190	230236	226226	431436
AD-5121-C	AD	134	5	25	26	3	251	8	3	2512	3	246	317	169169	181181	250250	439459	256256	190190	236236	226226	436439
AD-5122-C	AD	134	5	25	26	3	251	8	3	2512	3	247	229	169169	179181	250250	459459	256256	190190	236236	226226	431439
AD-5123-C	AD	134	5	25	26	3	251	8	3	2512	3	248	289	169169	181181	250250	459459	256256	190190	236236	224226	431436
AD-5131-C	AD	134	5	25	26	3	251	8	3	2513	2	249	223	167169	181181	250250	459459	256270	190192	228228	226226	431436
AD-5132-C	AD	134	5	25	26	3	251	8	3	2513	2	250	298	169169	181181	250250	459459	256256	190192	228236	226226	431436
AD-5211-D	AD	134	5	25	26	3	252	9	3	2521	3	251	205	167169	181181	248250	434459	256256	190190	228236	226226	436439
AD-5212-C	AD	134	5	25	26	3	252	9	3	2521	3	252	239	169169	181181	248250	454459	256256	190190	228236	226226	433439
AD-5213-D	AD	134	5	25	26	3	252	9	3	2521	3	253	273	169169	181181	250250	459459	256256	190190	228228	224226	433439
AD-5221-C	AD	134	5	25	26	3	252	9	3	2522	3	254	257	169169	181181	250250	439459	256263	190190	228236	226226	431431
AD-5222-C	AD	134	5	25	26	3	252	9	3	2522	3	255	237	169169	181181	248250	434459	256256	190192	228236	226226	431439
AD-5223-D	AD	134	5	25	26	3	252	9	3	2522	3	256	325	169169	181181	250250	459459	256256	190190	228236	226226	436439
AD-5231-C	AD	134	5	25	26	3	252	9	3	2523	3	257	215	167169	181181	250250	459459	256256	190190	228236	226226	436439
AD-5232-C	AD	134	5	25	26	3	252	9	3	2523	3	258	204	167167	181181	250250	459459	256256	190190	236236	226226	439439
AD-5233-D	AD	134	5	25	26	3	252	9	3	2523	3	259	217	167169	181181	250250	459459	256256	190190	236236	224226	433436
AD-5311-C	AD	134	5	25	26	3	253	9	3	2531	3	260	216	167169	181181	250250	459459	256256	190190	228236	226226	439439
AD-5312-C	AD	134	5	25	26	3	253	9	3	2531	3	261	245	169169	181181	250250	439439	256256	190190	228236	226226	431436
AD-5313-D	AD	134	5	25	26	3	253	9	3	2531	3	262	287	169169	181181	250250	459459	256256	190190	232236	226226	431436
AD-5321-D	AD	134	5	25	26	3	253	9	3	2532	3	263	270	169169	181181	250250	459459	256256	186190	236238	226226	431436
AD-5322-C	AD	134	5	25	26	3	253	9	3	2532	3	264	220	167169	181181	250250	459459	256256	190192	228228	226226	431433
AD-5323-D	AD	134	5	25	26	3	253	9	3	2532	3	265	219	167169	181181	250250	459459	256256	190192	228228	224226	433433
AD-5331-C	AD	134	5	25	26	3	253	9	3	2533	3	266	202	167167	181181	250250	459459	256256	184190	228236	226226	433436
AD-5332-C	AD	134	5	25	26	3	253	9	3	2533	3	267	275	169169	181181	250250	459459	256256	190190	228228	226226	431439
AD-5333-C	AD	134	5	25	26	3	253	9	3	2533	3	268	242	169169	181181	250250	434459	256256	182190	228236	226226	433439
AN-1111-D	AN	116	5	31	20	3	311	9	3	3111	3	269	401	167169	181181	230250	459459	256256	190190	236236	226226	438444
AN-1112-D	AN	116	5	31	20	3	311	9	3	3111	3	270	416	167169	181181	230250	459459	256256	190190	236236	226226	436442
AN-1113-D	AN	116	5	31	20	3	311	9	3	3111	3	271	416	167169	181181	230250	459459	256256	190190	236236	226226	436442
AN-1121-D	AN	116	5	31	20	3	311	9	3	3112	3	272	402	167169	181181	230250	459464	256256	190190	236236	226226	436442
AN-1122-D	AN	116	5	31	20	3	311	9	3	3112	3	273	416	167169	181181	230250	459459	256256	190190	236236	226226	436442
AN-1123-D	AN	116	5	31	20	3	311	9	3	3112	3	274	416	167169	181181	230250	459459	256256	190190	236236	226226	436442
AN-1131-B	AN	116	5	31	20	3	311	9	3	3113	3	275	428	169169	181181	250250	459459	256256	182190	236236	226226	431433
AN-1132-B	AN	116	5	31	20	3	311	9	3	3113	3	276	428	169169	181181	250250	459459	256256	182190	236236	226226	431433
AN-1133-B	AN	116	5	31	20	3	311	9	3	3113	3	277	428	169169	181181	250250	459459	256256	182190	236236	226226	431433
AN-1211-D	AN	116	5	31	20	3	312	5	2	3121	2	278	418	167169	181181	250250	459459	256256	190190	238238	226226	436455
AN-1213-D	AN	116	5	31	20	3	312	5	2	3121	2	279	418	167169	181181	250250	459459	256256	190190	238238	226226	436455
AN-1221-D	AN	116	5	31	20	3	312	5	2	3122	3	280	418	167169	181181	250250	459459	256256	190190	238238	226226	436455
AN-1222-D	AN	116	5	31	20	3	312	5	2	3122	3	281	403	167169	181181	250250	459459	256256	190190	228228	226226	436455
AN-1223-D	AN	116	5	31	20	3	312	5	2	3122	3	282	418	167169	181181	250250	459459	256256	190190	238238	226226	436455
AN-1311-D	AN	116	5	31	20	3	313	6	3	3131	3	283	417	167169	181181	250250	459459	256256	190190	236236	226226	436455
AN-1312-D	AN	116	5	31	20	3	313	6	3	3131	3	284	417	167169	181181	250250	459459	256256	190190	236236	226226	436455
AN-1313-D	AN	116	5	31	20	3	313	6	3	3131	3	285	417	167169	181181	250250	459459	256256	190190	236236	226226	436455
AN-1321-D	AN	116	5	31	20	3	313	6	3	3132	2	286	417	167169	181181	250250	459459	256256	190190	236236	226226	436455
AN-1323-D	AN	116	5	31	20	3	313	6	3	3132	2	287	417	167169	181181	250250	459459	256256	190190	236236	226226	436455
AN-1333-D	AN	116	5	31	20	3	313	6	3	3133	1	288	417	167169	181181	250250	459459	256256	190190	236236	226226	436455
AN-2113-C	AN	116	5	32	20	3	321	6	3	3211	1	289	421	169169	181181	242250	439459	256256	192192	232236	226226	431436
AN-2121-C	AN	116	5	32	20	3	321	6	3	3212	3	290	421	169169	181181	242250	439459	256256	192192	232236	226226	431436
AN-2122-C	AN	116	5	32	20	3	321	6	3	3212	3	291	421	169169	181181	242250	439459	256256	192192	232236	226226	431436
AN-2123-C	AN	116	5	32	20	3	321	6	3	3212	3	292	421	169169	181181	242250	439459	256256	192192	232236	226226	431436
AN-2132-C	AN	116	5	32	20	3	321	6	3	3213	2	293	421	169169	181181	242250	439459	256256	192192	232236	226226	431436
AN-2133-C	AN	116	5	32	20	3	321	6	3	3213	2	294	421	169169	181181	242250	439459	256256	192192	232236	226226	431436
AN-2212-D	AN	116	5	32	20	3	322	5	3	3221	1	295	437	169173	181181	250250	434459	256256	190190	236236	226226	436439
AN-2221-D	AN	116	5	32	20	3	322	5	3	3222	2	296	437	169173	181181	250250	434459	256256	190190	236236	226226	436439
AN-2223-D	AN	116	5	32	20	3	322	5	3	3222	2	297	411	169169	181181	250250	459459	221256	190190	232236	226226	433433
AN-2232-D	AN	116	5	32	20	3	322	5	3	3223	2	298	437	169173	181181	250250	434459	256256	190190	236236	226226	436439
AN-2233-D	AN	116	5	32	20	3	322	5	3	3223	2	299	413	169169	181181	250250	459459	256256	190190	236238	226226	433433
AN-2311-C	AN	116	5	32	20	3	323	9	3	3231	3	300	429	169169	181181	250250	459459	256256	190190	232236	224226	439455
AN-2312-C	AN	116	5	32	20	3	323	9	3	3231	3	301	429	169169	181181	250250	459459	256256	190190	232236	224226	439455
AN-2313-C	AN	116	5	32	20	3	323	9	3	3231	3	302	412	169169	181181	250250	459459	256256	188188	232236	224226	439455
AN-2321-B	AN	116	5	32	20	3	323	9	3	3232	3	303	434	169169	181181	250250	459474	256256	182190	236236	226226	431433
AN-2322-B	AN	116	5	32	20	3	323	9	3	3232	3	304	434	169169	181181	250250	459474	256256	182190	236236	226226	431433
AN-2323-B	AN	116	5	32	20	3	323	9	3	3232	3	305	434	169169	181181	250250	459474	256256	182190	236236	226226	431433
AN-2331-C	AN	116	5	32	20	3	323	9	3	3233	3	306	429	169169	181181	250250	459459	256256	190190	232236	224226	439455
AN-2332-C	AN	116	5	32	20	3	323	9	3	3233	3	307	429	169169	181181	250250	459459	256256	190190	232236	224226	439455
AN-2333-C	AN	116	5	32	20	3	323	9	3	3233	3	308	429	169169	181181	250250	459459	256256	190190	232236	224226	439455
AN-3111-D	AN	116	5	33	22	3	331	8	3	3311	3	309	425	169169	181181	250250	434439	256256	190192	236236	224226	433438
AN-3112-D	AN	116	5	33	22	3	331	8	3	3311	3	310	423	169169	181181	250250	434439	221256	188192	236236	224226	433438
AN-3113-D	AN	116	5	33	22	3	331	8	3	3311	3	311	424	169169	181181	250250	434439	221256	190192	236236	224226	433438
AN-3121-D	AN	116	5	33	22	3	331	8	3	3312	3	312	424	169169	181181	250250	434439	221256	190192	236236	224226	433438
AN-3122-D	AN	116	5	33	22	3	331	8	3	3312	3	313	423	169169	181181	250250	434439	221256	188192	236236	224226	433438
AN-3123-D	AN	116	5	33	22	3	331	8	3	3312	3	314	425	169169	181181	250250	434439	256256	190192	236236	224226	433438
AN-3131-D	AN	116	5	33	22	3	331	8	3	3313	2	315	425	169169	181181	250250	434439	256256	190192	236236	224226	433438
AN-3132-D	AN	116	5	33	22	3	331	8	3	3313	2	316	425	169169	181181	250250	434439	256256	190192	236236	224226	433438
AN-3211-D	AN	116	5	33	22	3	332	9	3	3321	3	317	439	169173	181181	250250	459459	256256	190190	236236	226226	433436
AN-3212-D	AN	116	5	33	22	3	332	9	3	3321	3	318	438	169173	181181	250250	459459	256256	190190	236236	226226	433436
AN-3213-D	AN	116	5	33	22	3	332	9	3	3321	3	319	414	169173	183183	250250	459459	256256	190190	236236	226226	433436
AN-3221-C	AN	116	5	33	22	3	332	9	3	3322	3	320	426	169169	181181	250250	434459	221256	182190	236236	224226	431438
AN-3222-C	AN	116	5	33	22	3	332	9	3	3322	3	321	405	169169	181181	250250	434459	256256	182190	236236	226226	431438
AN-3223-C	AN	116	5	33	22	3	332	9	3	3322	3	322	426	169169	181181	250250	434459	221256	182190	236236	224226	431438
AN-3231-C	AN	116	5	33	22	3	332	9	3	3323	3	323	422	169169	181181	250250	434439	221256	182190	236236	226226	436439
AN-3232-C	AN	116	5	33	22	3	332	9	3	3323	3	324	422	169169	181181	250250	434439	221256	182190	236236	226226	436439
AN-3233-C	AN	116	5	33	22	3	332	9	3	3323	3	325	404	169169	181181	250250	434439	256256	182190	236238	226226	436439
AN-3312-D	AN	116	5	33	22	3	333	5	2	3331	2	326	419	167169	181185	250250	434459	256256	190190	236236	226226	431436
AN-3313-D	AN	116	5	33	22	3	333	5	2	3331	2	327	419	167169	181185	250250	434459	256256	190190	236236	226226	431436
AN-3321-D	AN	116	5	33	22	3	333	5	2	3332	3	328	419	167169	181185	250250	434459	256256	190190	236236	226226	431436
AN-3322-D	AN	116	5	33	22	3	333	5	2	3332	3	329	419	167169	181185	250250	434459	256256	190190	236236	226226	431436
AN-3323-D	AN	116	5	33	22	3	333	5	2	3332	3	330	419	167169	181185	250250	434459	256256	190190	236236	226226	431436
AN-4111-D	AN	116	5	34	27	3	341	9	3	3411	3	331	431	169169	181181	250250	459459	256263	190190	236236	226226	409436
AN-4112-D	AN	116	5	34	27	3	341	9	3	3411	3	332	430	169169	181181	250250	459459	256263	190190	236236	226226	409436
AN-4113-D	AN	116	5	34	27	3	341	9	3	3411	3	333	433	169169	181181	250250	459459	256263	190190	236240	226226	409436
AN-4121-D	AN	116	5	34	27	3	341	9	3	3412	3	334	433	169169	181181	250250	459459	256263	190190	236240	226226	409436
AN-4122-D	AN	116	5	34	27	3	341	9	3	3412	3	335	433	169169	181181	250250	459459	256263	190190	236240	226226	409436
AN-4123-D	AN	116	5	34	27	3	341	9	3	3412	3	336	433	169169	181181	250250	459459	256263	190190	236240	226226	409436
AN-4131-D	AN	116	5	34	27	3	341	9	3	3413	3	337	433	169169	181181	250250	459459	256263	190190	236240	226226	409436
AN-4132-D	AN	116	5	34	27	3	341	9	3	3413	3	338	433	169169	181181	250250	459459	256263	190190	236240	226226	409436
AN-4133-D	AN	116	5	34	27	3	341	9	3	3413	3	339	433	169169	181181	250250	459459	256263	190190	236240	226226	409436
AN-4211-D	AN	116	5	34	27	3	342	9	3	3421	3	340	415	167167	181181	250250	439459	256256	190190	236236	226226	431455
AN-4212-D	AN	116	5	34	27	3	342	9	3	3421	3	341	415	167167	181181	250250	439459	256256	190190	236236	226226	431455
AN-4213-D	AN	116	5	34	27	3	342	9	3	3421	3	342	415	167167	181181	250250	439459	256256	190190	236236	226226	431455
AN-4221-D	AN	116	5	34	27	3	342	9	3	3422	3	343	415	167167	181181	250250	439459	256256	190190	236236	226226	431455
AN-4222-D	AN	116	5	34	27	3	342	9	3	3422	3	344	415	167167	181181	250250	439459	256256	190190	236236	226226	431455
AN-4223-D	AN	116	5	34	27	3	342	9	3	3422	3	345	415	167167	181181	250250	439459	256256	190190	236236	226226	431455
AN-4231-D	AN	116	5	34	27	3	342	9	3	3423	3	346	415	167167	181181	250250	439459	256256	190190	236236	226226	431455
AN-4232-D	AN	116	5	34	27	3	342	9	3	3423	3	347	415	167167	181181	250250	439459	256256	190190	236236	226226	431455
AN-4233-D	AN	116	5	34	27	3	342	9	3	3423	3	348	415	167167	181181	250250	439459	256256	190190	236236	226226	431455
AN-4311-D	AN	116	5	34	27	3	343	9	3	3431	3	349	427	169169	181181	250250	434459	256263	190192	232236	226226	434436
AN-4312-D	AN	116	5	34	27	3	343	9	3	3431	3	350	427	169169	181181	250250	434459	256263	190192	232236	226226	434436
AN-4313-D	AN	116	5	34	27	3	343	9	3	3431	3	351	409	169169	181181	250250	439459	221256	190192	236236	226226	436436
AN-4321-D	AN	116	5	34	27	3	343	9	3	3432	3	352	427	169169	181181	250250	434459	256263	190192	232236	226226	434436
AN-4322-D	AN	116	5	34	27	3	343	9	3	3432	3	353	407	169169	181181	250250	434459	256263	190192	232236	224226	434436
AN-4323-D	AN	116	5	34	27	3	343	9	3	3432	3	354	406	169169	181181	250250	434459	256263	188190	232236	226226	434436
AN-4331-D	AN	116	5	34	27	3	343	9	3	3433	3	355	408	169169	181181	250250	434459	256263	190192	236236	226226	434436
AN-4332-D	AN	116	5	34	27	3	343	9	3	3433	3	356	410	169169	181181	250250	439459	256256	190192	236236	226226	436436
AN-4333-D	AN	116	5	34	27	3	343	9	3	3433	3	357	427	169169	181181	250250	434459	256263	190192	232236	226226	434436
AN-5111-D	AN	116	5	35	27	3	351	9	3	3511	3	358	435	169171	181181	250250	459459	221256	190190	236236	226226	436455
AN-5112-D	AN	116	5	35	27	3	351	9	3	3511	3	359	435	169171	181181	250250	459459	221256	190190	236236	226226	436455
AN-5113-D	AN	116	5	35	27	3	351	9	3	3511	3	360	435	169171	181181	250250	459459	221256	190190	236236	226226	436455
AN-5121-D	AN	116	5	35	27	3	351	9	3	3512	3	361	435	169171	181181	250250	459459	221256	190190	236236	226226	436455
AN-5122-D	AN	116	5	35	27	3	351	9	3	3512	3	362	435	169171	181181	250250	459459	221256	190190	236236	226226	436455
AN-5123-D	AN	116	5	35	27	3	351	9	3	3512	3	363	435	169171	181181	250250	459459	221256	190190	236236	226226	436455
AN-5131-D	AN	116	5	35	27	3	351	9	3	3513	3	364	436	169171	181181	250250	459459	256256	190190	236236	226226	436455
AN-5132-D	AN	116	5	35	27	3	351	9	3	3513	3	365	436	169171	181181	250250	459459	256256	190190	236236	226226	436455
AN-5133-D	AN	116	5	35	27	3	351	9	3	3513	3	366	436	169171	181181	250250	459459	256256	190190	236236	226226	436455
AN-5211-D	AN	116	5	35	27	3	352	9	3	3521	3	367	432	169169	181181	250250	459459	256263	190190	236236	226226	431433
AN-5212-D	AN	116	5	35	27	3	352	9	3	3521	3	368	432	169169	181181	250250	459459	256263	190190	236236	226226	431433
AN-5213-D	AN	116	5	35	27	3	352	9	3	3521	3	369	432	169169	181181	250250	459459	256263	190190	236236	226226	431433
AN-5221-D	AN	116	5	35	27	3	352	9	3	3522	3	370	420	169169	179181	250250	434439	256256	188190	232236	226226	431436
AN-5222-D	AN	116	5	35	27	3	352	9	3	3522	3	371	432	169169	181181	250250	459459	256263	190190	236236	226226	431433
AN-5223-D	AN	116	5	35	27	3	352	9	3	3522	3	372	420	169169	179181	250250	434439	256256	188190	232236	226226	431436
AN-5231-D	AN	116	5	35	27	3	352	9	3	3523	3	373	432	169169	181181	250250	459459	256263	190190	236236	226226	431433
AN-5232-D	AN	116	5	35	27	3	352	9	3	3523	3	374	432	169169	181181	250250	459459	256263	190190	236236	226226	431433
AN-5233-D	AN	116	5	35	27	3	352	9	3	3523	3	375	432	169169	181181	250250	459459	256263	190190	236236	226226	431433
AN-5311-D	AN	116	5	35	27	3	353	9	3	3531	3	376	440	173173	181181	250250	444459	256256	190190	232236	226226	436439
AN-5312-D	AN	116	5	35	27	3	353	9	3	3531	3	377	440	173173	181181	250250	444459	256256	190190	232236	226226	436439
AN-5313-D	AN	116	5	35	27	3	353	9	3	3531	3	378	440	173173	181181	250250	444459	256256	190190	232236	226226	436439
AN-5321-D	AN	116	5	35	27	3	353	9	3	3532	3	379	440	173173	181181	250250	444459	256256	190190	232236	226226	436439
AN-5322-D	AN	116	5	35	27	3	353	9	3	3532	3	380	440	173173	181181	250250	444459	256256	190190	232236	226226	436439
AN-5323-D	AN	116	5	35	27	3	353	9	3	3532	3	381	440	173173	181181	250250	444459	256256	190190	232236	226226	436439
AN-5331-D	AN	116	5	35	27	3	353	9	3	3533	3	382	440	173173	181181	250250	444459	256256	190190	232236	226226	436439
AN-5332-D	AN	116	5	35	27	3	353	9	3	3533	3	383	440	173173	181181	250250	444459	256256	190190	232236	226226	436439
AN-5333-D	AN	116	5	35	27	3	353	9	3	3533	3	384	440	173173	181181	250250	444459	256256	190190	232236	226226	436439
AX-1111-D	AX	135	5	41	27	3	411	9	3	4111	3	385	664	169169	179179	250250	459459	256256	190190	236236	226226	431436
AX-1112-C	AX	135	5	41	27	3	411	9	3	4111	3	386	701	169169	181181	250250	459459	256263	190190	236236	226226	436436
AX-1113-D	AX	135	5	41	27	3	411	9	3	4111	3	387	723	169169	181181	250250	459459	256256	190190	236236	226226	431439
AX-1121-C	AX	135	5	41	27	3	411	9	3	4112	3	388	607	167167	181181	250250	434459	256256	190190	228236	226226	430430
AX-1122-C	AX	135	5	41	27	3	411	9	3	4112	3	389	650	167169	181181	250250	459459	256256	190190	232236	226226	433436
AX-1123-D	AX	135	5	41	27	3	411	9	3	4112	3	390	722	169169	181181	250250	459459	256256	190190	236236	226226	431439
AX-1131-C	AX	135	5	41	27	3	411	9	3	4113	3	391	663	167169	181181	250252	459459	256256	190190	236236	224226	434436
AX-1132-D	AX	135	5	41	27	3	411	9	3	4113	3	392	696	169169	181181	250250	459459	256256	190190	236236	224226	436436
AX-1133-D	AX	135	5	41	27	3	411	9	3	4113	3	393	666	169169	181181	240250	459459	256256	182190	228236	226226	439439
AX-1211-C	AX	135	5	41	27	3	412	9	3	4121	3	394	681	169169	181181	250250	454459	256256	190190	228236	224226	433439
AX-1212-D	AX	135	5	41	27	3	412	9	3	4121	3	395	674	169169	181181	248250	459459	256256	190190	236236	224224	439439
AX-1213-C	AX	135	5	41	27	3	412	9	3	4121	3	396	652	167169	181181	250250	459459	256256	190190	236236	224226	439439
AX-1221-D	AX	135	5	41	27	3	412	9	3	4122	3	397	689	169169	181181	250250	459459	256256	190190	228236	226226	431433
AX-1222-C	AX	135	5	41	27	3	412	9	3	4122	3	398	713	167169	181181	250250	459459	256256	190190	236236	226226	436439
AX-1223-D	AX	135	5	41	27	3	412	9	3	4122	3	399	649	167169	181181	250250	459459	256256	190190	232236	226226	431433
AX-1231-C	AX	135	5	41	27	3	412	9	3	4123	3	400	623	167167	181181	250252	424459	256256	182190	228236	226226	433433
AX-1232-D	AX	135	5	41	27	3	412	9	3	4123	3	401	656	167169	181181	250250	459459	256263	190190	236236	226226	431439
AX-1233-C	AX	135	5	41	27	3	412	9	3	4123	3	402	604	167167	181181	250250	429459	256256	190190	236236	226226	436439
AX-1311-D	AX	135	5	41	27	3	413	9	3	4131	3	403	631	167169	181181	250250	434459	256256	190190	236236	226226	431433
AX-1312-C	AX	135	5	41	27	3	413	9	3	4131	3	404	716	167169	181181	250250	459459	256256	190190	236236	226226	439439
AX-1313-C	AX	135	5	41	27	3	413	9	3	4131	3	405	707	167167	181181	250250	434434	256256	182190	236236	224226	433439
AX-1321-C	AX	135	5	41	27	3	413	9	3	4132	3	406	658	167169	181181	250250	459459	256263	190190	236236	226226	436439
AX-1322-D	AX	135	5	41	27	3	413	9	3	4132	3	407	648	167169	181181	250250	459459	256256	190190	228236	226226	436439
AX-1323-C	AX	135	5	41	27	3	413	9	3	4132	3	408	675	169169	181181	250250	434459	256256	190190	236236	226226	431436
AX-1331-C	AX	135	5	41	27	3	413	9	3	4133	3	409	707	167167	181181	250250	434434	256256	182190	236236	224226	433439
AX-1332-C	AX	135	5	41	27	3	413	9	3	4133	3	410	669	169169	181181	242250	444459	256256	190190	228236	226226	436436
AX-1333-C	AX	135	5	41	27	3	413	9	3	4133	3	411	691	169169	181181	250250	459459	256256	190190	228236	226226	436436
AX-2111-C	AX	135	5	42	27	3	421	9	3	4211	3	412	668	169169	181181	242250	444459	256256	182190	236236	226226	431439
AX-2112-D	AX	135	5	42	27	3	421	9	3	4211	3	413	715	167169	181181	250250	459459	256256	190190	236236	226226	439439
AX-2113-D	AX	135	5	42	27	3	421	9	3	4211	3	414	693	169169	181181	250250	459459	256256	190190	228236	226226	439439
AX-2121-C	AX	135	5	42	27	3	421	9	3	4212	3	415	629	167169	181181	250250	434459	256256	190190	228228	226226	433439
AX-2122-C	AX	135	5	42	27	3	421	9	3	4212	3	416	645	167169	181181	250250	459459	256256	190190	228228	226226	431431
AX-2123-D	AX	135	5	42	27	3	421	9	3	4212	3	417	680	169169	181181	250250	444454	256256	190190	228236	226226	433436
AX-2131-C	AX	135	5	42	27	3	421	9	3	4213	3	418	606	167167	181181	250250	434444	256256	190190	236236	226226	431439
AX-2132-D	AX	135	5	42	27	3	421	9	3	4213	3	419	684	169169	181181	250250	459459	256256	182190	236236	226226	433439
AX-2133-C	AX	135	5	42	27	3	421	9	3	4213	3	420	732	169169	181181	250250	459459	256256	190190	236236	226226	436439
AX-2211-C	AX	135	5	42	27	3	422	9	3	4221	3	421	605	167167	181181	250250	434444	256256	190190	232236	226226	433433
AX-2212-C	AX	135	5	42	27	3	422	9	3	4221	3	422	646	167169	181181	250250	459459	256256	190190	228228	226226	433436
AX-2213-C	AX	135	5	42	27	3	422	9	3	4221	3	423	720	169169	181181	250250	459459	256256	190190	232236	226226	433439
AX-2221-D	AX	135	5	42	27	3	422	9	3	4222	3	424	731	169169	181181	250250	459459	256256	190190	236236	226226	436439
AX-2222-C	AX	135	5	42	27	3	422	9	3	4222	3	425	726	169169	181181	250250	459459	256256	190190	236236	226226	433436
AX-2223-C	AX	135	5	42	27	3	422	9	3	4222	3	426	642	167169	181181	250250	459459	256256	184190	232236	226226	433433
AX-2231-C	AX	135	5	42	27	3	422	9	3	4223	3	427	699	169169	181181	250250	459459	256256	190192	236238	226226	431436
AX-2232-C	AX	135	5	42	27	3	422	9	3	4223	3	428	621	167167	181181	250250	459469	256256	190190	232236	224226	436439
AX-2233-C	AX	135	5	42	27	3	422	9	3	4223	3	429	626	167169	181181	242250	444459	256256	182190	232236	226226	431433
AX-2311-C	AX	135	5	42	27	3	423	9	3	4231	3	430	655	167169	181181	250250	459459	256263	190190	230236	226226	436439
AX-2312-C	AX	135	5	42	27	3	423	9	3	4231	3	431	725	169169	181181	250250	459459	256256	190190	236236	226226	433436
AX-2313-D	AX	135	5	42	27	3	423	9	3	4231	3	432	641	167169	181181	250250	459459	256256	182190	228228	226226	431439
AX-2321-C	AX	135	5	42	27	3	423	9	3	4232	3	433	719	169169	181181	250250	459459	256256	190190	232236	226226	433439
AX-2322-D	AX	135	5	42	27	3	423	9	3	4232	3	434	685	169169	181181	250250	459459	256256	190190	228236	224226	433436
AX-2323-C	AX	135	5	42	27	3	423	9	3	4232	3	435	603	167167	181181	250250	424459	256256	190190	236236	226226	431436
AX-2331-C	AX	135	5	42	27	3	423	9	3	4233	3	436	613	167167	181181	250250	459459	256256	182190	236236	226226	433436
AX-2332-C	AX	135	5	42	27	3	423	9	3	4233	3	437	612	167167	181181	250250	439459	256256	190190	232236	226226	436436
AX-2333-D	AX	135	5	42	27	3	423	9	3	4233	3	438	695	169169	181181	250250	459459	256256	190190	236236	224226	433439
AX-3111-C	AX	135	5	43	27	3	431	9	3	4311	3	439	609	167167	181181	250250	434459	256256	190190	236236	224226	433439
AX-3112-C	AX	135	5	43	27	3	431	9	3	4311	3	440	654	167169	181181	250250	459459	256256	190190	236236	226226	436436
AX-3113-C	AX	135	5	43	27	3	431	9	3	4311	3	441	625	167169	179181	250250	459459	256256	190190	236236	226226	436436
AX-3121-C	AX	135	5	43	27	3	431	9	3	4312	3	442	620	167167	181181	250250	459459	256263	190190	228236	226226	433439
AX-3122-C	AX	135	5	43	27	3	431	9	3	4312	3	443	678	169169	181181	250250	439459	256256	190190	234236	226226	433439
AX-3123-C	AX	135	5	43	27	3	431	9	3	4312	3	444	601	167167	179179	250250	459459	256256	190190	236236	224226	436436
AX-3131-C	AX	135	5	43	27	3	431	9	3	4313	3	445	687	169169	181181	250250	459459	256256	190190	228236	224226	439439
AX-3132-D	AX	135	5	43	27	3	431	9	3	4313	3	446	615	167167	181181	250250	459459	256256	190190	228236	226226	431433
AX-3133-D	AX	135	5	43	27	3	431	9	3	4313	3	447	718	169169	181181	250250	459459	256256	190190	228236	226226	433439
AX-3211-C	AX	135	5	43	27	3	432	9	3	4321	3	448	711	167169	181181	250250	459459	256256	190190	236236	226226	433439
AX-3212-D	AX	135	5	43	27	3	432	9	3	4321	3	449	705	169169	181181	250250	459469	256256	190190	236236	224226	433436
AX-3213-C	AX	135	5	43	27	3	432	9	3	4321	3	450	651	167169	181181	250250	459459	256256	190190	236236	224226	433436
AX-3221-D	AX	135	5	43	27	3	432	9	3	4322	3	451	659	167169	181181	250250	459469	256256	190190	236236	226226	431433
AX-3222-D	AX	135	5	43	27	3	432	9	3	4322	3	452	709	167169	181181	250250	459459	256256	190190	236236	226226	431436
AX-3223-C	AX	135	5	43	27	3	432	9	3	4322	3	453	728	169169	181181	250250	459459	256256	190190	236236	226226	436436
AX-3231-C	AX	135	5	43	27	3	432	9	3	4323	3	454	633	167169	181181	250250	434459	256256	190190	236236	226226	436439
AX-3232-C	AX	135	5	43	27	3	432	9	3	4323	3	455	665	169169	179181	250250	459459	256256	190190	236236	226226	436439
AX-3233-D	AX	135	5	43	27	3	432	9	3	4323	3	456	697	169169	181181	250250	459459	256256	190190	236236	226226	433433
AX-3311-D	AX	135	5	43	27	3	433	9	3	4331	3	457	712	167169	181181	250250	459459	256256	190190	236236	226226	436439
AX-3312-D	AX	135	5	43	27	3	433	9	3	4331	3	458	694	169169	181181	250250	459459	256256	190190	236236	224226	433433
AX-3313-C	AX	135	5	43	27	3	433	9	3	4331	3	459	628	167169	181181	248250	434459	256256	190190	236236	224226	431433
AX-3321-C	AX	135	5	43	27	3	433	9	3	4332	3	460	721	169169	181181	250250	459459	256256	190190	236236	226226	431439
AX-3322-D	AX	135	5	43	27	3	433	9	3	4332	3	461	618	167167	181181	250250	459459	256256	190190	236236	226226	439439
AX-3323-C	AX	135	5	43	27	3	433	9	3	4332	3	462	638	167169	181181	250250	444459	221256	190192	230236	226226	433436
AX-3331-D	AX	135	5	43	27	3	433	9	3	4333	3	463	608	167167	181181	250250	434459	256256	190190	236236	224226	433436
AX-3332-C	AX	135	5	43	27	3	433	9	3	4333	3	464	657	167169	181181	250250	459459	256263	190190	236236	226226	433439
AX-3333-D	AX	135	5	43	27	3	433	9	3	4333	3	465	614	167167	181181	250250	459459	256256	190190	224236	226226	431431
AX-4111-D	AX	135	5	44	27	3	441	9	3	4411	3	466	703	169169	181181	250250	459469	256256	182190	236236	226226	433439
AX-4112-C	AX	135	5	44	27	3	441	9	3	4411	3	467	673	169169	181181	248250	434434	256256	190190	228228	226226	439439
AX-4113-B	AX	135	5	44	27	3	441	9	3	4411	3	468	710	167169	181181	250250	459459	256256	190190	236236	226226	433439
AX-4121-C	AX	135	5	44	27	3	441	9	3	4412	3	469	635	167169	181181	250250	439459	256256	182190	228236	226226	431436
AX-4122-D	AX	135	5	44	27	3	441	9	3	4412	3	470	682	169169	181181	250250	459459	256256	182190	228236	226226	436436
AX-4123-C	AX	135	5	44	27	3	441	9	3	4412	3	471	644	167169	181181	250250	459459	256256	190190	228228	226226	427433
AX-4131-D	AX	135	5	44	27	3	441	9	3	4413	3	472	727	169169	181181	250250	459459	256256	190190	236236	226226	436436
AX-4132-C	AX	135	5	44	27	3	441	9	3	4413	3	473	706	169169	181181	250250	469469	256256	190190	236236	226226	436436
AX-4133-C	AX	135	5	44	27	3	441	9	3	4413	3	474	692	169169	181181	250250	459459	256256	190190	228236	226226	436439
AX-4211-C	AX	135	5	44	27	3	442	9	3	4421	3	475	686	169169	181181	250250	459459	256256	190190	228236	224226	436436
AX-4212-D	AX	135	5	44	27	3	442	9	3	4421	3	476	717	169169	181181	250250	459459	256256	190190	228236	226226	433439
AX-4213-D	AX	135	5	44	27	3	442	9	3	4421	3	477	670	169169	181181	242250	444459	256256	190190	236238	224226	436457
AX-4221-C	AX	135	5	44	27	3	442	9	3	4422	3	478	622	167167	181181	250250	459469	256256	190192	236236	226226	433439
AX-4222-C	AX	135	5	44	27	3	442	9	3	4422	3	479	676	169169	181181	250250	434459	256256	190190	236236	226226	436436
AX-4223-C	AX	135	5	44	27	3	442	9	3	4422	3	480	634	167169	181181	250250	434459	256256	190192	236236	226226	433439
AX-4231-C	AX	135	5	44	27	3	442	9	3	4423	3	481	643	167169	181181	250250	459459	256256	184190	236236	226226	433439
AX-4232-C	AX	135	5	44	27	3	442	9	3	4423	3	482	639	167169	181181	250250	444459	256256	182190	228236	226226	431433
AX-4233-C	AX	135	5	44	27	3	442	9	3	4423	3	483	637	167169	181181	250250	439459	256256	190190	230236	226226	431436
AX-4311-D	AX	135	5	44	27	3	443	9	3	4431	3	484	619	167167	181181	250250	459459	256256	190192	236236	226226	433439
AX-4312-C	AX	135	5	44	27	3	443	9	3	4431	3	485	640	167169	181181	250250	459459	221256	190190	236236	224226	436436
AX-4313-D	AX	135	5	44	27	3	443	9	3	4431	3	486	660	167169	181181	250250	459469	256256	190190	236236	226226	431436
AX-4321-D	AX	135	5	44	27	3	443	9	3	4432	3	487	671	169169	181181	242250	459459	256256	190190	230236	226226	437439
AX-4322-C	AX	135	5	44	27	3	443	9	3	4432	3	488	730	169169	181181	250250	459459	256256	190190	236236	226226	436439
AX-4323-C	AX	135	5	44	27	3	443	9	3	4432	3	489	632	167169	181181	250250	434459	256256	190190	236236	226226	433433
AX-4331-C	AX	135	5	44	27	3	443	9	3	4433	3	490	677	169169	181181	250250	439459	256256	190190	228228	224226	433436
AX-4332-C	AX	135	5	44	27	3	443	9	3	4433	3	491	667	169169	181181	242250	439459	256256	190192	236236	226226	433436
AX-4333-C	AX	135	5	44	27	3	443	9	3	4433	3	492	636	167169	181181	250250	439459	256256	190190	228236	226226	433436
AX-5111-C	AX	135	5	45	27	3	451	9	3	4511	3	493	624	167169	179179	250250	459459	221256	190190	236236	224226	436436
AX-5112-D	AX	135	5	45	27	3	451	9	3	4511	3	494	616	167167	181181	250250	459459	256256	190190	230236	226226	439439
AX-5113-D	AX	135	5	45	27	3	451	9	3	4511	3	495	602	167167	179181	250250	459459	256256	190190	228236	226226	431439
AX-5121-C	AX	135	5	45	27	3	451	9	3	4512	3	496	698	169169	181181	250250	459459	256256	190192	236236	226226	436439
AX-5122-C	AX	135	5	45	27	3	451	9	3	4512	3	497	611	167167	181181	250250	439459	221256	182190	230236	226226	433436
AX-5123-C	AX	135	5	45	27	3	451	9	3	4512	3	498	714	167169	181181	250250	459459	256256	190190	236236	226226	439439
AX-5131-C	AX	135	5	45	27	3	451	9	3	4513	3	499	647	167169	181181	250250	459459	256256	190190	228230	224226	431431
AX-5132-C	AX	135	5	45	27	3	451	9	3	4513	3	500	683	169169	181181	250250	459459	256256	182190	236236	224226	433439
AX-5133-C	AX	135	5	45	27	3	451	9	3	4513	3	501	708	167169	181181	250250	459459	256256	190190	236236	226226	431436
AX-5211-D	AX	135	5	45	27	3	452	9	3	4521	3	502	610	167167	181181	250250	434459	256256	190190	236236	226226	431431
AX-5212-C	AX	135	5	45	27	3	452	9	3	4521	3	503	724	169169	181181	250250	459459	256256	190190	236236	226226	433436
AX-5213-C	AX	135	5	45	27	3	452	9	3	4521	3	504	627	167169	181181	242250	444459	256256	190192	228236	226226	431433
AX-5221-C	AX	135	5	45	27	3	452	9	3	4522	3	505	679	169169	181181	250250	439459	256256	190192	236236	224226	431433
AX-5222-D	AX	135	5	45	27	3	452	9	3	4522	3	506	704	169169	181181	250250	459469	256256	190190	232236	224226	433436
AX-5223-C	AX	135	5	45	27	3	452	9	3	4522	3	507	672	169169	181181	242250	459459	256256	190190	236236	226226	427434
AX-5231-D	AX	135	5	45	27	3	452	9	3	4523	3	508	729	169169	181181	250250	459459	256256	190190	236236	226226	436439
AX-5232-C	AX	135	5	45	27	3	452	9	3	4523	3	509	702	169169	181181	250250	459469	221256	182190	236236	226226	436436
AX-5233-D	AX	135	5	45	27	3	452	9	3	4523	3	510	690	169169	181181	250250	459459	256256	190190	228236	226226	431439
AX-5311-C	AX	135	5	45	27	3	453	9	3	4531	3	511	661	167169	181181	250250	459469	256256	190190	236236	226226	431439
AX-5312-B	AX	135	5	45	27	3	453	9	3	4531	3	512	653	167169	181181	250250	459459	256256	190190	236236	226226	431433
AX-5313-C	AX	135	5	45	27	3	453	9	3	4531	3	513	734	169169	181181	250250	459459	256256	190190	236236	226226	439439
AX-5321-C	AX	135	5	45	27	3	453	9	3	4532	3	514	630	167169	181181	250250	434459	256256	190190	230236	226226	436439
AX-5322-C	AX	135	5	45	27	3	453	9	3	4532	3	515	688	169169	181181	250250	459459	256256	190190	228236	226226	431431
AX-5323-C	AX	135	5	45	27	3	453	9	3	4532	3	516	733	169169	181181	250250	459459	256256	190190	236236	226226	439439
AX-5331-C	AX	135	5	45	27	3	453	9	3	4533	3	517	617	167167	181181	250250	459459	256256	190190	236236	226226	431431
AX-5332-C	AX	135	5	45	27	3	453	9	3	4533	3	518	700	169169	181181	250250	459459	256263	190190	228236	226226	436436
AX-5333-C	AX	135	5	45	27	3	453	9	3	4533	3	519	662	167169	181181	250252	424459	256256	190192	232236	226226	433438
CB-1111-D	CB	122	5	51	27	3	511	9	3	5111	3	520	822	169169	181181	250250	439459	256263	190192	228236	226226	433439
CB-1112-D	CB	122	5	51	27	3	511	9	3	5111	3	521	815	169169	181181	230250	459459	256256	190192	236236	224226	436439
CB-1113-B	CB	122	5	51	27	3	511	9	3	5111	3	522	836	169169	181181	250250	459469	256263	182190	228236	226226	409433
CB-1121-D	CB	122	5	51	27	3	511	9	3	5112	3	523	856	167169	181181	250250	459459	256256	190190	228238	226226	436455
CB-1122-D	CB	122	5	51	27	3	511	9	3	5112	3	524	869	169171	181181	250250	459459	256256	182190	232236	224226	433436
CB-1123-D	CB	122	5	51	27	3	511	9	3	5112	3	525	804	165171	181181	250250	409459	256256	182190	236236	226226	433439
CB-1131-D	CB	122	5	51	27	3	511	9	3	5113	3	526	812	167169	181181	250250	459459	256256	190190	238238	226226	436455
CB-1132-D	CB	122	5	51	27	3	511	9	3	5113	3	527	856	167169	181181	250250	459459	256256	190190	228238	226226	436455
CB-1133-D	CB	122	5	51	27	3	511	9	3	5113	3	528	856	167169	181181	250250	459459	256256	190190	228238	226226	436455
CB-1211-D	CB	122	5	51	27	3	512	9	3	5121	3	529	819	169169	181181	250250	439459	256256	190190	232236	226226	433436
CB-1212-C	CB	122	5	51	27	3	512	9	3	5121	3	530	820	169169	181181	250250	439459	256256	190190	236236	226226	431436
CB-1213-D	CB	122	5	51	27	3	512	9	3	5121	3	531	825	169169	181181	250250	459459	249256	192192	232232	224226	431439
CB-1221-C	CB	122	5	51	27	3	512	9	3	5122	3	532	833	169169	181181	250250	459459	256256	190190	236236	226226	436436
CB-1222-C	CB	122	5	51	27	3	512	9	3	5122	3	533	859	169169	181181	242250	439459	256256	192192	232236	226226	431436
CB-1223-C	CB	122	5	51	27	3	512	9	3	5122	3	534	859	169169	181181	242250	439459	256256	192192	232236	226226	431436
CB-1231-C	CB	122	5	51	27	3	512	9	3	5123	3	535	803	165169	181181	250250	459459	256256	190192	236236	224226	429431
CB-1232-D	CB	122	5	51	27	3	512	9	3	5123	3	536	809	167169	181181	250250	434459	256256	182190	236236	226226	404455
CB-1233-D	CB	122	5	51	27	3	512	9	3	5123	3	537	801	165165	181181	230248	459459	263263	190190	236236	226226	455455
CB-1311-D	CB	122	5	51	27	3	513	9	3	5131	3	538	856	167169	181181	250250	459459	256256	190190	228238	226226	436455
CB-1312-B	CB	122	5	51	27	3	513	9	3	5131	3	539	873	169173	181181	250250	459459	256256	192192	236236	224226	436436
CB-1313-D	CB	122	5	51	27	3	513	9	3	5131	3	540	861	169169	181181	250250	434459	256256	190192	236238	226226	431439
CB-1321-D	CB	122	5	51	27	3	513	9	3	5132	3	541	816	169169	181181	248248	459459	256263	190190	228236	226226	431431
CB-1322-B	CB	122	5	51	27	3	513	9	3	5132	3	542	857	167169	181181	250250	459459	256256	190190	236236	224226	420439
CB-1323-D	CB	122	5	51	27	3	513	9	3	5132	3	543	861	169169	181181	250250	434459	256256	190192	236238	226226	431439
CB-1331-D	CB	122	5	51	27	3	513	9	3	5133	3	544	866	169169	181181	250250	459469	256256	182190	236238	224226	409433
CB-1332-D	CB	122	5	51	27	3	513	9	3	5133	3	545	829	169169	181181	250250	459459	256256	190190	232232	224226	436439
CB-1333-B	CB	122	5	51	27	3	513	9	3	5133	3	546	873	169173	181181	250250	459459	256256	192192	236236	224226	436436
CB-2111-D	CB	122	5	52	24	3	521	9	3	5211	3	547	858	169169	177181	250250	439459	256256	182182	232232	226226	455455
CB-2112-D	CB	122	5	52	24	3	521	9	3	5211	3	548	858	169169	177181	250250	439459	256256	182182	232232	226226	455455
CB-2113-D	CB	122	5	52	24	3	521	9	3	5211	3	549	858	169169	177181	250250	439459	256256	182182	232232	226226	455455
CB-2121-B	CB	122	5	52	24	3	521	9	3	5212	3	550	849	165169	181181	250250	459459	256256	190190	236236	226226	431439
CB-2122-D	CB	122	5	52	24	3	521	9	3	5212	3	551	841	169173	181181	250250	459459	256256	190190	236236	224226	431436
CB-2123-B	CB	122	5	52	24	3	521	9	3	5212	3	552	846	165169	181181	230250	459459	256256	190190	236236	226226	433436
CB-2131-B	CB	122	5	52	24	3	521	9	3	5213	3	553	846	165169	181181	230250	459459	256256	190190	236236	226226	433436
CB-2132-B	CB	122	5	52	24	3	521	9	3	5213	3	554	848	165169	181181	250250	459459	256256	190190	236236	226226	431439
CB-2133-B	CB	122	5	52	24	3	521	9	3	5213	3	555	847	165169	181181	250250	459459	256256	190190	236236	226226	431439
CB-2211-C	CB	122	5	52	24	3	522	8	3	5221	3	556	845	165169	181181	230250	459459	256256	182190	236236	226226	439455
CB-2212-D	CB	122	5	52	24	3	522	8	3	5221	3	557	843	169173	181181	250250	459469	263263	190190	236236	226226	433439
CB-2213-C	CB	122	5	52	24	3	522	8	3	5221	3	558	845	165169	181181	230250	459459	256256	182190	236236	226226	439455
CB-2221-D	CB	122	5	52	24	3	522	8	3	5222	2	559	869	169171	181181	250250	459459	256256	182190	232236	224226	433436
CB-2222-A	CB	122	5	52	24	3	522	8	3	5222	2	560	821	169169	181181	250250	439459	256263	190190	236236	226226	436455
CB-2231-D	CB	122	5	52	24	3	522	8	3	5223	3	561	874	169173	181181	250250	459469	256263	190190	236236	224226	436438
CB-2232-B	CB	122	5	52	24	3	522	8	3	5223	3	562	846	165169	181181	230250	459459	256256	190190	236236	226226	433436
CB-2233-D	CB	122	5	52	24	3	522	8	3	5223	3	563	869	169171	181181	250250	459459	256256	182190	232236	224226	433436
CB-2312-B	CB	122	5	52	24	3	523	7	3	5231	2	564	846	165169	181181	230250	459459	256256	190190	236236	226226	433436
CB-2313-D	CB	122	5	52	24	3	523	7	3	5231	2	565	828	169169	181181	250250	459459	256256	182190	236236	226226	436455
CB-2321-D	CB	122	5	52	24	3	523	7	3	5232	3	566	874	169173	181181	250250	459469	256263	190190	236236	224226	436438
CB-2322-D	CB	122	5	52	24	3	523	7	3	5232	3	567	842	169173	181181	250250	459469	256263	190190	236236	226226	436438
CB-2323-D	CB	122	5	52	24	3	523	7	3	5232	3	568	869	169171	181181	250250	459459	256256	182190	232236	224226	433436
CB-2331-B	CB	122	5	52	24	3	523	7	3	5233	2	569	802	165169	181181	250250	459459	256256	190190	228236	226226	431439
CB-2332-D	CB	122	5	52	24	3	523	7	3	5233	2	570	813	167169	181181	250250	459459	256263	190190	236236	226226	433439
CB-3111-D	CB	122	5	53	23	3	531	7	3	5311	3	571	860	169169	181181	250250	434459	256256	190190	236238	224226	433439
CB-3112-D	CB	122	5	53	23	3	531	7	3	5311	3	572	838	169171	181181	250250	459459	256256	190190	236236	226226	433439
CB-3113-D	CB	122	5	53	23	3	531	7	3	5311	3	573	818	169169	181181	250250	434459	256256	190190	236238	226226	436455
CB-3121-D	CB	122	5	53	23	3	531	7	3	5312	3	574	860	169169	181181	250250	434459	256256	190190	236238	224226	433439
CB-3122-C	CB	122	5	53	23	3	531	7	3	5312	3	575	872	169173	181181	250250	459459	221256	190190	236236	224226	439455
CB-3123-C	CB	122	5	53	23	3	531	7	3	5312	3	576	872	169173	181181	250250	459459	221256	190190	236236	224226	439455
CB-3133-D	CB	122	5	53	23	3	531	7	3	5313	1	577	840	169173	181181	250250	444459	256256	190190	232236	226226	436439
CB-3211-D	CB	122	5	53	23	3	532	8	3	5321	3	578	806	167167	181181	248250	459459	221221	190190	232232	226226	416433
CB-3212-D	CB	122	5	53	23	3	532	8	3	5321	3	579	865	169169	181181	250250	459459	256256	190192	232232	226226	431436
CB-3213-D	CB	122	5	53	23	3	532	8	3	5321	3	580	852	167169	181181	248250	459459	221221	190190	232232	226226	420431
CB-3221-D	CB	122	5	53	23	3	532	8	3	5322	3	581	865	169169	181181	250250	459459	256256	190192	232232	226226	431436
CB-3222-D	CB	122	5	53	23	3	532	8	3	5322	3	582	865	169169	181181	250250	459459	256256	190192	232232	226226	431436
CB-3223-D	CB	122	5	53	23	3	532	8	3	5322	3	583	852	167169	181181	248250	459459	221221	190190	232232	226226	420431
CB-3232-D	CB	122	5	53	23	3	532	8	3	5323	2	584	852	167169	181181	248250	459459	221221	190190	232232	226226	420431
CB-3233-D	CB	122	5	53	23	3	532	8	3	5323	2	585	811	167169	181181	250250	459459	256256	190190	236236	226226	436455
CB-3311-C	CB	122	5	53	23	3	533	8	3	5331	3	586	839	169171	181181	250250	459469	256256	190190	232232	226226	436436
CB-3312-D	CB	122	5	53	23	3	533	8	3	5331	3	587	835	169169	181181	250250	459469	256256	190190	236238	226226	431433
CB-3313-C	CB	122	5	53	23	3	533	8	3	5331	3	588	872	169173	181181	250250	459459	221256	190190	236236	224226	439455
CB-3321-C	CB	122	5	53	23	3	533	8	3	5332	3	589	872	169173	181181	250250	459459	221256	190190	236236	224226	439455
CB-3322-C	CB	122	5	53	23	3	533	8	3	5332	3	590	872	169173	181181	250250	459459	221256	190190	236236	224226	439455
CB-3323-C	CB	122	5	53	23	3	533	8	3	5332	3	591	872	169173	181181	250250	459459	221256	190190	236236	224226	439455
CB-3331-C	CB	122	5	53	23	3	533	8	3	5333	2	592	872	169173	181181	250250	459459	221256	190190	236236	224226	439455
CB-3332-C	CB	122	5	53	23	3	533	8	3	5333	2	593	872	169173	181181	250250	459459	221256	190190	236236	224226	439455
CB-4111-D	CB	122	5	54	23	3	541	8	3	5411	2	594	871	169171	181181	250250	459469	256256	190190	232236	226226	418439
CB-4113-C	CB	122	5	54	23	3	541	8	3	5411	2	595	826	169169	181181	250250	459459	256256	182190	236236	224226	433439
CB-4121-D	CB	122	5	54	23	3	541	8	3	5412	3	596	870	169171	181181	250250	459459	256263	190190	236238	224226	431436
CB-4122-D	CB	122	5	54	23	3	541	8	3	5412	3	597	851	167167	181181	250250	459459	221221	182190	236236	226226	431436
CB-4123-D	CB	122	5	54	23	3	541	8	3	5412	3	598	870	169171	181181	250250	459459	256263	190190	236238	224226	431436
CB-4131-C	CB	122	5	54	23	3	541	8	3	5413	3	599	844	173173	181181	250250	459459	256256	190190	236236	226226	431455
CB-4132-D	CB	122	5	54	23	3	541	8	3	5413	3	600	871	169171	181181	250250	459469	256256	190190	232236	226226	418439
CB-4133-D	CB	122	5	54	23	3	541	8	3	5413	3	601	851	167167	181181	250250	459459	221221	182190	236236	226226	431436
CB-4211-D	CB	122	5	54	23	3	542	8	3	5421	3	602	862	169169	181181	250250	459459	221256	182190	236238	226226	436439
CB-4212-D	CB	122	5	54	23	3	542	8	3	5421	3	603	862	169169	181181	250250	459459	221256	182190	236238	226226	436439
CB-4213-D	CB	122	5	54	23	3	542	8	3	5421	3	604	862	169169	181181	250250	459459	221256	182190	236238	226226	436439
CB-4221-D	CB	122	5	54	23	3	542	8	3	5422	3	605	862	169169	181181	250250	459459	221256	182190	236238	226226	436439
CB-4222-D	CB	122	5	54	23	3	542	8	3	5422	3	606	862	169169	181181	250250	459459	221256	182190	236238	226226	436439
CB-4223-D	CB	122	5	54	23	3	542	8	3	5422	3	607	823	169169	181181	250250	459459	221256	182188	236238	226226	436439
CB-4231-D	CB	122	5	54	23	3	542	8	3	5423	2	608	827	169169	181181	250250	459459	256256	182190	236236	226226	436439
CB-4232-D	CB	122	5	54	23	3	542	8	3	5423	2	609	862	169169	181181	250250	459459	221256	182190	236238	226226	436439
CB-4311-C	CB	122	5	54	23	3	543	7	3	5431	2	610	805	165171	181181	250250	439459	256263	182190	236238	226226	420436
CB-4313-C	CB	122	5	54	23	3	543	7	3	5431	2	611	850	165173	181181	250250	439459	256263	182190	236238	226226	420436
CB-4321-C	CB	122	5	54	23	3	543	7	3	5432	3	612	850	165173	181181	250250	439459	256263	182190	236238	226226	420436
CB-4322-C	CB	122	5	54	23	3	543	7	3	5432	3	613	850	165173	181181	250250	439459	256263	182190	236238	226226	420436
CB-4323-D	CB	122	5	54	23	3	543	7	3	5432	3	614	832	169169	181181	250250	459459	256256	190190	236236	226226	431436
CB-4331-C	CB	122	5	54	23	3	543	7	3	5433	2	615	850	165173	181181	250250	439459	256263	182190	236238	226226	420436
CB-4333-C	CB	122	5	54	23	3	543	7	3	5433	2	616	850	165173	181181	250250	439459	256263	182190	236238	226226	420436
CB-6111-D	CB	122	5	56	25	3	561	9	3	5611	3	617	868	169169	181181	250250	459469	256256	190192	236236	226226	439439
CB-6112-D	CB	122	5	56	25	3	561	9	3	5611	3	618	867	169169	181181	250250	459469	256256	190192	236236	226226	439439
CB-6113-D	CB	122	5	56	25	3	561	9	3	5611	3	619	831	169169	181181	250250	459459	256256	190190	236236	224226	433433
CB-6121-D	CB	122	5	56	25	3	561	9	3	5612	3	620	853	167169	181181	250250	434459	256256	190190	234236	226226	433433
CB-6122-D	CB	122	5	56	25	3	561	9	3	5612	3	621	824	169169	181181	250250	459459	221256	190190	236238	226226	431436
CB-6123-D	CB	122	5	56	25	3	561	9	3	5612	3	622	837	169171	181181	230250	459459	221221	190190	236236	224226	433439
CB-6131-D	CB	122	5	56	25	3	561	9	3	5613	3	623	853	167169	181181	250250	434459	256256	190190	234236	226226	433433
CB-6132-C	CB	122	5	56	25	3	561	9	3	5613	3	624	814	169169	181181	230250	439459	256256	190192	236236	226226	431433
CB-6133-D	CB	122	5	56	25	3	561	9	3	5613	3	625	864	169169	181181	250250	459459	256256	190190	236236	226226	455455
CB-6211-D	CB	122	5	56	25	3	562	8	3	5621	3	626	861	169169	181181	250250	434459	256256	190192	236238	226226	431439
CB-6212-C	CB	122	5	56	25	3	562	8	3	5621	3	627	807	167167	181181	250250	459469	256263	190190	232232	226226	436455
CB-6213-D	CB	122	5	56	25	3	562	8	3	5621	3	628	861	169169	181181	250250	434459	256256	190192	236238	226226	431439
CB-6221-D	CB	122	5	56	25	3	562	8	3	5622	3	629	855	167169	181181	250250	434459	256256	190190	236236	226226	433439
CB-6222-D	CB	122	5	56	25	3	562	8	3	5622	3	630	854	167169	181181	250250	434459	256256	190190	236236	226226	433439
CB-6223-D	CB	122	5	56	25	3	562	8	3	5622	3	631	863	169169	181181	250250	459459	256256	190190	236236	226226	455455
CB-6231-D	CB	122	5	56	25	3	562	8	3	5623	2	632	861	169169	181181	250250	434459	256256	190192	236238	226226	431439
CB-6233-D	CB	122	5	56	25	3	562	8	3	5623	2	633	810	167169	181181	250250	434459	256256	190192	236236	226226	439439
CB-6311-C	CB	122	5	56	25	3	563	8	3	5631	3	634	830	169169	181181	250250	459459	256256	190190	232236	226226	431455
CB-6312-D	CB	122	5	56	25	3	563	8	3	5631	3	635	817	169169	181181	248250	459459	256263	190190	236238	226226	436439
CB-6313-D	CB	122	5	56	25	3	563	8	3	5631	3	636	808	167169	181181	230250	459459	256256	190190	236236	224226	433455
CB-6321-D	CB	122	5	56	25	3	563	8	3	5632	3	637	866	169169	181181	250250	459469	256256	182190	236238	224226	409433
CB-6322-D	CB	122	5	56	25	3	563	8	3	5632	3	638	866	169169	181181	250250	459469	256256	182190	236238	224226	409433
CB-6323-D	CB	122	5	56	25	3	563	8	3	5632	3	639	834	169169	181181	250250	459459	256256	190190	236238	224226	431436
CB-6331-B	CB	122	5	56	25	3	563	8	3	5633	2	640	857	167169	181181	250250	459459	256256	190190	236236	224226	420439
CB-6333-B	CB	122	5	56	25	3	563	8	3	5633	2	641	857	167169	181181	250250	459459	256256	190190	236236	224226	420439